00 00 109 27 21
00 01 104 26 20
00 02 104 26 21
00 03 103 29 23
00 04 104 28 22
00 05 105 25 20
00 06 108 22 18
00 07 109 27 22
00 08 112 40 33
00 09 122 47 36
00 10 96 73 54
00 11 32 25 22
00 12 8 8 7
00 13 8 7 6
00 14 9 8 7
00 15 16 13 11
00 16 84 48 30
00 17 111 59 33
00 18 94 48 29
00 19 96 51 30
00 20 108 56 27
00 21 87 49 36
00 22 104 73 62
00 23 109 84 72
00 24 85 61 51
01 00 109 20 15
01 01 89 20 15
01 02 74 18 15
01 03 77 24 20
01 04 85 22 17
01 05 87 21 17
01 06 94 20 17
01 07 104 21 16
01 08 112 39 31
01 09 121 49 38
01 10 103 80 60
01 11 46 36 32
01 12 8 8 7
01 13 7 7 7
01 14 8 8 7
01 15 18 14 12
01 16 92 51 31
01 17 113 59 31
01 18 111 59 32
01 19 103 54 30
01 20 109 57 29
01 21 105 62 55
01 22 105 77 73
01 23 114 81 73
01 24 87 55 44
02 00 106 18 14
02 01 59 12 8
02 02 24 10 7
02 03 26 11 8
02 04 33 12 7
02 05 30 12 8
02 06 34 11 8
02 07 61 12 9
02 08 109 33 26
02 09 120 50 40
02 10 129 105 84
02 11 58 48 43
02 12 10 10 9
02 13 8 8 7
02 14 8 8 7
02 15 21 16 13
02 16 93 51 30
02 17 111 59 31
02 18 118 66 36
02 19 103 54 28
02 20 104 53 29
02 21 91 49 46
02 22 97 63 61
02 23 67 46 41
02 24 38 29 22
03 00 107 14 11
03 01 69 11 9
03 02 23 9 6
03 03 24 10 6
03 04 33 11 6
03 05 31 11 6
03 06 30 11 6
03 07 49 10 7
03 08 107 26 20
03 09 119 42 33
03 10 126 104 84
03 11 58 52 47
03 12 17 17 16
03 13 8 8 8
03 14 8 8 8
03 15 16 14 13
03 16 63 38 26
03 17 100 54 29
03 18 112 61 34
03 19 99 51 27
03 20 87 42 26
03 21 55 29 28
03 22 46 32 31
03 23 38 29 25
03 24 28 23 18
04 00 102 18 15
04 01 78 16 12
04 02 23 9 6
04 03 23 9 6
04 04 30 10 6
04 05 26 10 6
04 06 28 10 6
04 07 41 10 6
04 08 94 23 18
04 09 114 39 31
04 10 121 99 78
04 11 57 53 48
04 12 16 16 15
04 13 8 8 8
04 14 9 9 8
04 15 15 14 14
04 16 29 24 22
04 17 34 24 20
04 18 49 33 25
04 19 54 32 21
04 20 48 27 22
04 21 43 30 29
04 22 38 32 29
04 23 36 32 28
04 24 23 18 15
05 00 108 41 35
05 01 89 32 26
05 02 23 9 6
05 03 22 9 6
05 04 27 10 6
05 05 25 9 6
05 06 27 10 6
05 07 33 11 7
05 08 83 21 16
05 09 112 39 31
05 10 122 100 80
05 11 56 51 47
05 12 35 31 29
05 13 27 26 25
05 14 16 16 15
05 15 23 22 22
05 16 27 25 24
05 17 23 22 20
05 18 21 21 19
05 19 20 19 17
05 20 25 23 22
05 21 36 31 29
05 22 36 31 28
05 23 58 25 24
05 24 115 30 41
06 00 143 86 49
06 01 81 50 39
06 02 41 23 21
06 03 32 17 13
06 04 30 13 9
06 05 26 11 7
06 06 24 10 6
06 07 27 12 8
06 08 58 26 22
06 09 115 58 44
06 10 126 89 64
06 11 122 85 64
06 12 120 81 59
06 13 117 77 55
06 14 114 74 52
06 15 110 68 44
06 16 103 60 36
06 17 99 57 33
06 18 91 53 32
06 19 90 54 34
06 20 86 51 34
06 21 78 45 32
06 22 55 28 23
06 23 80 18 18
06 24 142 80 85
07 00 146 80 40
07 01 105 55 26
07 02 87 43 20
07 03 80 41 20
07 04 71 36 19
07 05 67 33 17
07 06 54 25 15
07 07 42 20 13
07 08 59 30 16
07 09 127 67 28
07 10 142 84 40
07 11 147 91 45
07 12 149 91 43
07 13 153 94 44
07 14 161 104 51
07 15 168 113 60
07 16 169 116 66
07 17 167 115 68
07 18 163 112 68
07 19 160 110 68
07 20 155 104 64
07 21 147 95 59
07 22 125 72 48
07 23 109 32 30
07 24 125 44 46
08 00 151 81 36
08 01 150 79 35
08 02 149 82 36
08 03 148 83 36
08 04 161 109 74
08 05 190 160 144
08 06 154 91 44
08 07 150 87 37
08 08 148 86 37
08 09 157 94 41
08 10 163 105 53
08 11 161 102 46
08 12 161 100 42
08 13 164 102 44
08 14 172 109 50
08 15 176 114 56
08 16 178 115 54
08 17 178 114 55
08 18 176 112 52
08 19 172 109 52
08 20 168 106 51
08 21 158 96 46
08 22 136 70 33
08 23 113 39 27
08 24 126 42 42
09 00 155 84 37
09 01 156 84 37
09 02 154 84 36
09 03 154 87 37
09 04 160 104 60
09 05 220 219 224
09 06 182 140 109
09 07 157 94 40
09 08 161 97 41
09 09 163 99 44
09 10 165 105 51
09 11 166 104 47
09 12 168 105 45
09 13 173 108 48
09 14 181 118 56
09 15 184 120 59
09 16 187 122 58
09 17 187 122 60
09 18 185 118 55
09 19 184 117 56
09 20 179 115 55
09 21 173 110 53
09 22 156 90 41
09 23 132 61 32
09 24 119 18 19
10 00 174 104 46
10 01 172 102 45
10 02 170 102 44
10 03 166 100 43
10 04 165 100 45
10 05 206 198 198
10 06 194 161 134
10 07 165 103 46
10 08 169 108 56
10 09 176 122 75
10 10 179 128 82
10 11 176 121 70
10 12 176 113 53
10 13 180 115 54
10 14 187 123 61
10 15 190 126 64
10 16 191 125 60
10 17 191 125 60
10 18 191 124 58
10 19 189 122 59
10 20 188 121 58
10 21 185 120 58
10 22 175 109 52
10 23 161 92 41
10 24 137 56 33
11 00 191 119 57
11 01 189 116 56
11 02 189 117 55
11 03 189 119 57
11 04 187 119 60
11 05 204 191 186
11 06 204 196 191
11 07 186 181 174
11 08 177 179 178
11 09 169 172 170
11 10 168 171 168
11 11 173 177 175
11 12 182 183 180
11 13 191 180 168
11 14 204 174 145
11 15 199 143 88
11 16 194 127 61
11 17 194 127 59
11 18 195 128 60
11 19 192 126 60
11 20 192 126 61
11 21 193 126 62
11 22 191 124 62
11 23 187 116 55
11 24 184 112 53
12 00 191 120 57
12 01 191 119 58
12 02 193 122 59
12 03 206 160 120
12 04 193 186 180
12 05 195 196 199
12 06 179 177 175
12 07 151 151 144
12 08 155 156 151
12 09 157 160 156
12 10 158 162 157
12 11 157 162 157
12 12 156 161 156
12 13 156 159 153
12 14 158 160 155
12 15 180 183 182
12 16 206 184 162
12 17 202 141 79
12 18 197 130 61
12 19 195 128 62
12 20 195 129 63
12 21 195 128 63
12 22 196 129 65
12 23 193 123 60
12 24 194 123 61
13 00 193 122 60
13 01 193 124 63
13 02 213 184 160
13 03 181 178 173
13 04 143 139 131
13 05 193 193 195
13 06 171 169 165
13 07 157 158 152
13 08 160 162 156
13 09 163 165 159
13 10 168 173 164
13 11 165 173 164
13 12 164 172 166
13 13 163 169 164
13 14 162 167 162
13 15 159 161 157
13 16 159 160 156
13 17 199 196 191
13 18 204 151 98
13 19 198 132 63
13 20 196 130 63
13 21 195 128 63
13 22 195 128 65
13 23 193 124 61
13 24 196 125 64
14 00 195 127 65
14 01 213 178 150
14 02 183 176 170
14 03 154 147 140
14 04 149 144 136
14 05 201 201 205
14 06 160 153 141
14 07 154 145 122
14 08 148 134 104
14 09 156 139 111
14 10 177 176 156
14 11 195 203 177
14 12 176 183 154
14 13 151 159 138
14 14 153 163 151
14 15 162 167 162
14 16 160 163 159
14 17 156 157 152
14 18 202 200 196
14 19 202 146 89
14 20 196 131 65
14 21 196 131 66
14 22 197 131 66
14 23 203 143 87
14 24 213 166 119
15 00 200 140 90
15 01 209 205 202
15 02 162 152 142
15 03 157 152 145
15 04 159 153 143
15 05 208 209 213
15 06 125 93 50
15 07 137 108 61
15 08 159 129 85
15 09 161 135 106
15 10 182 176 158
15 11 161 150 115
15 12 133 126 78
15 13 113 109 55
15 14 126 118 70
15 15 141 150 117
15 16 161 166 158
15 17 162 165 160
15 18 161 161 155
15 19 217 201 185
15 20 212 167 116
15 21 220 191 150
15 22 228 214 182
15 23 221 211 183
15 24 207 192 161
16 00 215 180 155
16 01 184 175 167
16 02 167 159 150
16 03 161 156 145
16 04 148 129 95
16 05 203 202 203
16 06 119 83 41
16 07 164 130 80
16 08 161 121 78
16 09 169 140 104
16 10 155 129 94
16 11 136 115 71
16 12 140 131 77
16 13 139 128 71
16 14 123 121 63
16 15 122 127 84
16 16 142 158 114
16 17 200 202 189
16 18 213 211 192
16 19 217 213 187
16 20 208 190 155
16 21 199 165 120
16 22 188 139 87
16 23 193 130 72
16 24 201 133 70
17 00 221 199 186
17 01 178 167 157
17 02 170 162 152
17 03 147 127 89
17 04 149 126 95
17 05 213 213 214
17 06 144 114 67
17 07 169 138 103
17 08 172 136 92
17 09 171 142 100
17 10 150 115 74
17 11 144 110 72
17 12 161 130 72
17 13 189 168 115
17 14 205 197 160
17 15 204 200 172
17 16 185 182 151
17 17 171 168 138
17 18 155 151 133
17 19 173 173 164
17 20 201 151 102
17 21 199 133 65
17 22 199 133 67
17 23 199 131 66
17 24 200 131 68
18 00 225 202 189
18 01 188 179 170
18 02 170 157 136
18 03 133 104 54
18 04 169 152 128
18 05 195 171 126
18 06 185 154 110
18 07 155 119 79
18 08 185 162 127
18 09 175 139 95
18 10 142 103 63
18 11 134 101 67
18 12 172 151 102
18 13 152 126 76
18 14 137 109 55
18 15 128 113 70
18 16 109 112 77
18 17 92 103 59
18 18 142 146 129
18 19 193 197 194
18 20 200 148 97
18 21 196 131 65
18 22 196 129 65
18 23 197 130 66
18 24 197 128 67
19 00 219 187 171
19 01 215 211 207
19 02 164 143 110
19 03 137 108 60
19 04 183 165 138
19 05 170 139 87
19 06 189 159 109
19 07 172 134 89
19 08 181 152 122
19 09 166 130 88
19 10 142 103 63
19 11 133 101 59
19 12 154 132 71
19 13 130 111 54
19 14 132 117 52
19 15 140 120 60
19 16 119 121 71
19 17 71 83 43
19 18 97 113 84
19 19 215 215 214
19 20 185 122 61
19 21 183 118 56
19 22 184 118 57
19 23 187 120 59
19 24 189 121 61
20 00 226 185 162
20 01 222 214 214
20 02 180 161 135
20 03 164 139 104
20 04 183 164 136
20 05 190 169 140
20 06 196 167 118
20 07 186 151 103
20 08 170 135 96
20 09 161 120 71
20 10 141 115 73
20 11 145 122 75
20 12 155 136 81
20 13 140 123 62
20 14 138 116 61
20 15 159 132 68
20 16 136 124 75
20 17 79 92 43
20 18 160 173 156
20 19 206 178 152
20 20 193 129 63
20 21 196 132 66
20 22 193 126 65
20 23 197 131 69
20 24 198 130 69
21 00 234 196 175
21 01 200 169 155
21 02 221 219 219
21 03 215 205 192
21 04 183 164 135
21 05 222 212 200
21 06 192 165 118
21 07 173 136 85
21 08 193 168 141
21 09 157 117 68
21 10 143 120 79
21 11 153 153 98
21 12 137 129 73
21 13 152 134 79
21 14 139 127 79
21 15 107 104 44
21 16 114 102 51
21 17 145 158 130
21 18 208 204 202
21 19 188 132 78
21 20 192 129 66
21 21 195 130 68
21 22 195 130 71
21 23 198 133 75
21 24 202 136 77
22 00 227 187 169
22 01 222 187 171
22 02 168 144 134
22 03 212 210 212
22 04 213 204 189
22 05 190 171 141
22 06 169 138 91
22 07 173 141 97
22 08 195 170 144
22 09 182 149 112
22 10 173 141 89
22 11 153 128 78
22 12 147 131 85
22 13 165 142 93
22 14 148 124 76
22 15 136 123 80
22 16 185 192 180
22 17 195 191 189
22 18 170 131 101
22 19 186 125 63
22 20 189 125 63
22 21 190 124 64
22 22 196 131 70
22 23 198 134 76
22 24 199 134 78
23 00 218 173 149
23 01 221 181 160
23 02 198 164 146
23 03 153 132 122
23 04 172 166 167
23 05 213 215 218
23 06 210 203 190
23 07 194 172 143
23 08 184 158 133
23 09 165 132 88
23 10 150 120 72
23 11 166 141 101
23 12 168 149 113
23 13 184 175 147
23 14 208 206 197
23 15 200 203 204
23 16 159 149 144
23 17 154 125 103
23 18 165 110 55
23 19 174 114 55
23 20 186 124 61
23 21 188 122 61
23 22 192 126 65
23 23 192 125 66
23 24 197 132 74
24 00 212 162 130
24 01 210 163 138
24 02 206 164 142
24 03 176 137 113
24 04 146 125 116
24 05 142 131 129
24 06 147 144 146
24 07 167 169 174
24 08 187 191 197
24 09 199 204 208
24 10 200 206 210
24 11 195 201 205
24 12 183 187 191
24 13 166 167 169
24 14 143 138 137
24 15 138 125 118
24 16 146 116 93
24 17 162 109 55
24 18 164 108 51
24 19 173 115 54
24 20 176 115 56
24 21 182 118 58
24 22 187 121 60
24 23 192 126 66
24 24 191 124 66
25 00 204 149 114
25 01 203 151 120
25 02 191 143 116
25 03 173 122 84
25 04 147 99 56
25 05 138 107 88
25 06 134 118 112
25 07 130 120 119
25 08 124 118 120
25 09 123 119 121
25 10 123 120 122
25 11 123 119 119
25 12 126 119 115
25 13 134 124 120
25 14 137 116 104
25 15 136 95 66
25 16 155 101 49
25 17 169 114 56
25 18 171 112 54
25 19 172 112 55
25 20 179 117 58
25 21 189 126 63
25 22 191 126 65
25 23 192 126 67
25 24 193 127 69
26 00 199 141 102
26 01 196 140 104
26 02 186 133 97
26 03 170 117 69
26 04 149 96 46
26 05 140 87 40
26 06 133 87 48
26 07 116 79 57
26 08 112 84 70
26 09 113 91 80
26 10 113 91 81
26 11 113 89 76
26 12 113 80 59
26 13 118 78 53
26 14 131 80 39
26 15 149 94 43
26 16 161 106 53
26 17 168 112 56
26 18 172 113 56
26 19 178 117 60
26 20 183 121 62
26 21 188 124 63
26 22 194 129 67
26 23 195 129 70
26 24 198 131 74
27 00 196 136 91
27 01 193 135 92
27 02 182 126 84
27 03 170 115 65
27 04 159 104 52
27 05 152 99 47
27 06 147 96 44
27 07 134 81 37
27 08 123 75 34
27 09 113 65 30
27 10 112 64 29
27 11 112 64 29
27 12 120 70 32
27 13 138 85 39
27 14 156 102 48
27 15 163 109 52
27 16 166 110 55
27 17 175 118 61
27 18 176 116 59
27 19 181 121 62
27 20 183 120 62
27 21 185 121 63
27 22 194 131 70
27 23 199 135 75
27 24 197 130 74
28 00 198 137 90
28 01 190 130 84
28 02 183 125 76
28 03 171 114 63
28 04 168 114 59
28 05 159 105 50
28 06 139 83 37
28 07 123 66 28
28 08 120 65 27
28 09 118 64 26
28 10 111 57 24
28 11 111 57 24
28 12 119 63 26
28 13 143 88 40
28 14 165 110 53
28 15 169 113 56
28 16 170 112 59
28 17 178 119 64
28 18 178 117 61
28 19 182 122 62
28 20 186 124 65
28 21 186 123 66
28 22 196 134 72
28 23 199 135 75
28 24 199 133 76
29 00 200 137 86
29 01 190 128 79
29 02 186 127 75
29 03 178 120 67
29 04 174 119 63
29 05 156 100 49
29 06 127 68 29
29 07 117 59 23
29 08 110 52 19
29 09 107 50 18
29 10 104 47 17
29 11 110 52 19
29 12 120 59 23
29 13 139 79 34
29 14 166 109 54
29 15 173 115 60
29 16 177 117 63
29 17 180 119 64
29 18 178 117 61
29 19 178 116 61
29 20 182 119 64
29 21 187 125 67
29 22 190 128 69
29 23 195 131 75
29 24 196 131 79
30 00 199 135 84
30 01 196 134 82
30 02 192 133 79
30 03 183 123 70
30 04 177 119 67
30 05 161 104 54
30 06 129 69 31
30 07 122 61 25
30 08 120 59 24
30 09 120 59 23
30 10 122 60 24
30 11 129 65 26
30 12 137 74 32
30 13 145 83 39
30 14 177 118 64
30 15 180 120 68
30 16 185 126 70
30 17 182 121 65
30 18 181 118 63
30 19 184 122 66
30 20 183 120 65
30 21 187 125 69
30 22 188 126 72
30 23 188 126 72
30 24 195 134 81
31 00 200 137 85
31 01 200 137 83
31 02 191 129 76
31 03 187 127 74
31 04 187 128 76
31 05 167 108 61
31 06 145 86 45
31 07 139 77 39
31 08 144 83 40
31 09 146 85 40
31 10 147 84 41
31 11 152 91 45
31 12 150 88 46
31 13 159 98 53
31 14 183 122 73
31 15 188 128 77
31 16 192 132 77
31 17 187 125 71
31 18 189 127 72
31 19 189 127 73
31 20 191 129 75
31 21 193 132 76
31 22 191 129 76
31 23 194 133 81
31 24 196 135 85
32 00 200 136 85
32 01 197 135 82
32 02 192 130 77
32 03 190 128 74
32 04 188 127 74
32 05 174 115 65
32 06 148 86 48
32 07 151 91 51
32 08 157 100 58
32 09 156 98 57
32 10 158 97 55
32 11 163 103 58
32 12 162 102 59
32 13 168 108 63
32 14 190 129 82
32 15 196 134 83
32 16 195 132 81
32 17 188 123 74
32 18 192 129 77
32 19 192 130 77
32 20 192 130 75
32 21 194 131 75
32 22 194 132 78
32 23 200 137 86
32 24 200 138 89
